000000119
000000869
000001244
000001261
000001795
000001818
000002053
000003351
000004008
000004029
000005255
000006159
000006363
000006439
000006644
000006853
000007220
000007378
000007723
000007892
000008355
000009540
000009660
000010039
000010066
000010207
000010216
000010331
000010332
000010575
000010787
000010955
000011112
000011185
000011426
000011496
000011510
000011578
000011800
000012184
000012413
000012417
000012566
000012654
000012718
000012838
000012964
000013070
000013132
000013173
000013619
000013815
000014106
000014179
000014271
000014353
000014490
000014511
000014691
000014699
000014701
000014776
000014921
000015102
000015246
000015339
000015413
000015451
000015578
000015608
000015734
000015756
000015825
000015915
000016132
000016276
000016422
000016523
000016745
000017192
000017355
000017510
000017579
000017633
000017770
000017967
000018097
000018195
000018316
000018343
000018813
000018916
000019136
000019234
000019429
000020112
000020121
000020215
000020224
000021434
000021441
000021973
000022269
000023306
000023722
000024379
000024482
000024814
000024955
000025508
000025989
000026416
000026435
000026721
000026724
000026730
000026731
000026732
000026733
000026736
000026751
000026760
000026763
000026768
000026771
000026772
000026775
000026777
000026778
000026787
000026789
000026790
000026791
000026792
000026793
000026797
000026802
000026803
000026804
000026815
000026829
000026833
000026834
000026835
000026838
000026869
000026883
000026890
000026940
000026950
000026953
000026958
000026960
000026962
000026970
000026978
000026992
000027005
000027013
000027021
000027033
000027089
000027141
000027359
000027406
000027643
000027746
000027776
000028016
000028385
000028453
000028455
000028592
000028593
000028633
000028654
000028985
000028999
000029006
000029014
000029054
000029076
000029112
000029117
000029181
000029245
000029429
000029702
000029930
000029951
000029952
000030323
000030415
000030432
000030435
000030438
000030450
000030451
000030454
000030761
000030827
000031007
000031041
000031063
000031076
000031286
000031316
000031366
000031442
000031500
000031512
000031556
000031991
000032058
000032119
000032127
000032398
000032427
000032475
000032835
000033446
000033508
000034020
000034091
000034155
000034189
000034498
000034667
000034685
000034693
000034702
000034703
000034715
000034723
000034736
000034739
000034833
000034893
000034980
000035068
000035129
000035295
000035401
000035465
000035611
000035612
000035739
000036309
000036859
000037315
000037932
000037933
000037936
000037938
000037951
000037955
000037957
000038048
000038053
000038065
000038066
000038069
000038074
000038082
000038084
000038085
000038086
000038087
000038088
000038089
000038095
000038096
000038100
000038101
000038107
000038112
000038233
000038449
000038475
000038488
000038489
000038492
000038493
000038497
000038502
000038506
000038509
000038522
000038523
000038618
000038620
000038622
000038623
000038624
000038626
000038637
000038638
000038639
000038640
000038641
000038642
000038644
000038647
000038675
000038678
000038695
000038696
000038697
000038746
000038751
000038756
000038769
000039826
000039919
000040465
000040592
000040793
000040803
000040808
000041353
000041543
000041939
000041942
000042017
000042067
000042085
000042519
000043032
000043693
000044728
000045179
000045197
000045226
000045406
000046591
000046620
000046724
000047153
000047685
000048052
000048053
000048232
000048243
000048246
000048303
000048305
000048312
000048315
000048316
000048318
000048320
000048371
000048377
000048390
000048392
000048396
000048403
000048405
000048410
000048430
000048431
000048432
000048433
000048501
000048509
000048665
000048722
000048815
000049531
000049534
000049538
000049551
000049557
000049561
000049562
000049565
000049566
000049567
000049568
000049569
000049572
000049573
000049575
000049582
000049583
000049588
000049589
000049595
000049600
000049601
000049604
000049607
000049613
000049624
000049648
000049689
000049690
000049691
000049717
000049730
000049736
000049740
000049747
000049765
000049770
000049784
000049790
000049804
000049815
000049852
000049858
000049861
000049864
000049884
000049902
000049909
000049911
000049920
000049953
000049981
000049997
000050007
000050009
000050013
000050029
000050036
000050048
000050056
000050096
000050103
000050107
000050202
000050208
000050216
000050242
000050254
000050256
000050257
000050279
000050282
000050301
000050306
000050331
000050376
000050412
000050415
000050431
000050445
000050452
000050490
000050492
000050496
000050513
000050542
000050545
000050571
000050576
000050595
000050633
000050635
000050654
000050676
000050680
000050684
000050725
000051109
000051205
000051247
000051248
000051257
000051259
000051261
000051263
000051264
000051267
000051269
000051278
000051279
000051675
000051825
000052251
000053182
000053637
000053678
000054206
000054399
000054727
000054983
000055165
000055182
000055457
000057199
000057262
000057416
000057418
000057429
000057431
000057434
000057435
000057528
000057630
000057641
000057656
000057746
000057858
000058260
000058279
000058401
000058494
000058508
000058584
000058629
000058631
000058633
000058640
000058641
000058643
000058646
000058647
000058648
000058651
000058655
000058656
000058660
000058661
000058665
000058666
000058668
000058669
000058674
000058675
000058685
000058978
000059271
000059400
000059594
000059674
000059820
000060846
000062018
000062584
000063006
000063500
000064528
000064566
000064568
000065043
000066261
000066635
000066664
000066902
000066906
000066932
000066957
000066960
000066961
000066963
000066965
000066984
000067061
000067073
000067084
000067111
000067112
000067114
000067122
000067123
000067125
000067128
000067129
000067130
000067135
000067136
000067139
000067144
000067145
000067176
000067179
000067193
000067248
000067333
000067374
000067377
000067443
000068356
000068705
000069303
000069815
000069833
000069915
000070035
000070104
000070146
000070147
000070153
000070162
000070163
000070166
000070170
000070171
000070172
000070178
000070179
000070193
000070194
000070196
000070197
000070198
000070199
000070204
000070211
000070212
000070217
000070219
000070220
000070226
000070230
000070246
000070268
000070304
000070369
000070445
000070464
000070514
000070516
000070536
000070538
000070541
000070619
000070636
000070637
000070674
000070701
000070704
000070713
000070719
000070749
000070895
000070968
000070983
000071001
000071006
000071043
000071113
000071575
000071604
000071628
000071643
000071658
000071659
000071660
000071661
000071677
000071678
000071691
000071692
000071822
000071845
000072212
000072213
000072217
000072242
000072259
000072351
000072370
000072416
000072420
000072428
000072435
000072443
000072448
000072469
000072486
000072512
000072513
000072515
000072522
000072586
000072597
000072599
000072610
000072618
000072624
000072632
000072650
000072659
000072664
000072668
000072681
000072684
000072709
000072719
000072722
000072723
000072724
000072744
000072745
000072746
000072923
000073012
000073013
000073014
000073015
000073016
000073018
000073059
000073170
000073174
000073194
000073246
000073422
000073486
000073495
000073517
000073567
000073707
000073708
000073709
000073744
000074052
000074055
000074084
000074144
000074146
000074689
000075204
000075227
000075480
000075587
000075797
000076431
000076432
000077170
000077597
000077830
000078026
000078213
000078480
000078754
000079296
000079298
000079300
000079301
000079303
000079305
000079307
000079319
000079363
000079457
000079495
000079666
000079792
000079794
000080019
000080044
000080322
000080868
000080895
000081167
000081475
000081646
000082092
000082095
000082499
000082501
000082672
000083556
000083576
000083622
000083650
000084193
000084552
000084556
000084581
000084589
000084595
000084598
000084605
000084747
000084854
000085230
000086277
000086372
000086471
000086830
000086838
000086847
000087105
000087315
000087380
000087721
000087782
000087795
000087871
000087933
000087961
000087979
000087992
000087998
000087999
000088027
000088041
000088076
000088095
000088101
000088113
000088132
000088144
000088208
000088498
000088801
000089071
000089352
000089361
000089545
000089675
000089839
000090102
000090110
000090120
000090334
000090397
000090661
000090665
000090693
000090984
000091020
000091154
000091186
000091215
000091707
000091742
000091923
000091941
000091997
000092074
000092075
000092147
000092216
000092465
000092559
000093075
000093144
000093145
000093252
000093367
000093562
000093642
000093656
000093762
000095335
000111431
000111565
000111728
000111824
000111825
000111828
000111829
000111830
000111831
000111832
000111833
000111834
000111835
000111837
000111838
000111839
000111840
000111841
000111842
000111843
000111844
000111884
000111897
000111912
000111935
000111939
000111956
000111972
000111987
000112075
000112110
000112156
000112227
000112271
000112384
000112417
000112582
000112655
000112760
000112761
000112991
000113002
000113073
000113090
000113100
000113188
000113191
000113192
000113197
000113201
000113211
000113227
000113228
000113231
000113232
000113235
000113243
000113245
000113246
000113254
000113262
000113263
000113266
000113267
000113268
000113269
000113271
000113273
000113274
000113275
000113277
000113278
000113279
000113280
000113281
000113282
000113283
000113284
000113285
000113286
000113292
000113299
000113310
000113311
000113312
000113313
000113315
000113316
000113319
000113320
000113321
000113322
000113323
000113326
000113329
000113334
000113338
000113339
000113340
000113342
000113343
000113344
000113345
000113346
000113349
000113350
000113351
000113352
000113353
000113354
000113356
000113358
000113359
000113360
000113361
000113362
000113363
000113364
000113365
000113370
000113375
000113376
000113378
000113385
000113386
000113389
000113423
000113424
000113425
000113427
000113428
000113429
000113433
000113435
000113436
000113437
000113438
000113441
000113442
000113443
000113444
000113445
000113446
000113450
000113453
000113457
000113458
000113461
000113462
000113463
000113464
000113466
000113468
000113470
000113472
000113473
000113474
000113475
000113476
000113477
000113478
000113480
000113482
000113483
000113484
000113488
000113489
000113490
000113491
000113493
000113494
000113499
000113501
000113534
000113544
000113545
000113548
000113551
000113552
000113553
000113554
000113556
000113559
000113560
000113561
000113562
000113563
000113566
000113572
000113573
000113579
000113595
000113597
000113601
000113602
000113604
000113605
000113606
000113607
000113609
000113610
000113614
000113615
000113616
000113621
000113625
000113627
000113628
000113629
000113634
000113649
000113651
000113653
000113656
000113659
000113661
000113662
000113664
000113666
000113668
000113672
000113678
000113686
000113690
000113699
000113706
000113708
000113718
000113719
000113761
000113770
000113812
000113827
000113828
000113830
000113832
000113842
000113877
000113882
000113895
000113904
000113905
000113906
000113910
000113926
000113936
000114132
000114140
000114184
000114208
000114299
000114408
000114824
000114890
000114912
000115012
000115112
000115134
000115146
000115201
000115223
000115234
000115245
000115290
000115301
000115356
000115368
000115479
000115523
000118897
000118953
000119599
000119699
000119787
000120320
000120444
000120447
000120831
000121367
000121409
000121411
000122793
000125308
000125318
000125444
000125475
000125477
000125493
000125499
000125500
000125501
000125502
000125504
000125588
000125589
000125590
000125655
000125666
000125670
000125671
000125672
000125674
000125675
000125676
000125677
000125715
000125717
000125718
000125723
000125725
000125727
000125728
000125729
000125731
000125904
000125914
000125915
000125916
000125917
000125918
000125919
000125920
000125922
000125923
000125924
000125925
000125940
000125945
000125949
000125950
000125951
000125953
000125955
000125956
000125957
000125969
000125975
000125976
000125977
000125978
000125979
000125980
000125981
000125982
000125983
000125984
000125985
000125986
000125987
000125988
000125991
000125993
000125994
000125995
000125996
000125997
000125998
000125999
000126000
000126001
000126002
000126003
000126008
000126013
000126014
000126015
000126016
000126017
000126018
000126019
000126020
000126021
000126022
000126023
000126024
000126026
000126027
000126028
000126029
000126030
000126031
000126032
000126033
000126034
000126035
000126036
000126037
000126038
000126040
000126041
000126042
000126043
000126044
000126045
000126046
000126047
000126048
000126049
000126050
000126051
000126052
000126053
000126055
000126056
000126057
000126058
000126059
000126060
000126061
000126062
000126063
000126064
000126065
000126066
000126067
000126070
000126071
000126072
000126073
000126075
000126076
000126078
000126079
000126080
000126081
000126082
000126083
000126084
000126085
000126086
000126087
000126088
000126090
000126091
000126092
000126093
000126094
000126095
000126096
000126098
000126102
000126103
000126104
000126105
000126106
000126107
000126108
000126109
000126110
000126111
000126133
000126270
000126285
000126886
000126900
000126914
000126921
000126922
000126923
000126926
000126927
000126928
000126929
000126930
000126931
000126932
000126933
000127013
000127014
000127015
000127017
000127018
000127019
000127020
000127021
000127022
000127023
000127024
000127025
000127168
000127169
000127170
000127174
000127175
000127176
000127292
000127293
000127295
000127298
000127299
000127300
000127302
000127303
000127304
000127310
000127349
000127389
000127573
000127574
000127685
000127773
000127774
000128024
000128198
000128213
000128216
000128218
000128355
000128369
000128372
000128374
000128378
000128380
000128551
000128729
000128733
000128947
000128948
000128968
000129270
000129272
000129809
000129863
000129865
000129866
000129873
000129874
000129879
000129885
000129894
000129895
000129896
000129897
000129898
000130358
000130359
000130360
000130361
000130362
000130363
000130365
000130366
000130367
000130368
000130376
000130392
000130459
000130462
000130464
000130469
000130474
000130669
000130723
000130728
000130746
000130748
000130750
000130755
000130757
000130760
000130761
000130762
000130767
000130768
000131195
000131196
000131197
000131198
000131199
000131200
000131202
000131212
000131213
000131216
000131222
000131223
000131227
000131228
000131244
000131319
000131428
000131673
000132087
000132147
000132152
000132185
000132619
000132757
000132912
000132913
000132914
000132915
000132916
000132917
000132924
000132959
000133093
000133124
000133144
000133239
000133337
000133380
000133399
000133404
000133445
000133455
000133609
000133674
000133816
000133817
000133818
000133819
000134061
000134063
000134064
000134065
000134094
000134511
000134514
000134516
000134520
000134577
000134585
000135346
000135489
000135491
000135520
000135550
000135571
000135572
000135573
000135589
000135738
000135740
000135741
000135742
000135744
000135746
000135989
000135990
000136004
000136009
000136011
000136026
000136074
000136076
000136077
000136081
000136368
000136372
000136470
000136634
000136888
000137458
000137555
000137577
000137686
000137694
000137732
000137736
000137771
000137934
000137935
000138249
000138437
000138451
000138465
000138467
000138557
000138618
000138620
000138647
000138648
000138649
000138650
000138651
000138652
000138653
000138654
000138683
000138685
000138689
000139113
000139231
000139267
000139311
000139312
000139314
000139317
000139320
000139322
000139351
000139353
000139358
000139360
000139413
000139427
000139464
000139468
000139469
000139490
000139701
000139702
000139703
000139704
000139706
000139707
000139708
000139709
000139710
000139711
000139712
000139713
000139714
000139843
000139848
000139856
000139864
000139869
000139870
000139873
000139874
000139876
000139877
000139878
000139881
000139882
000139885
000139886
000139887
000139888
000139889
000139891
000139892
000139894
000139895
000139898
000139899
000139902
000139904
000139905
000139906
000140243
000140245
000140248
000140249
000140253
000140275
000140284
000140289
000140290
000140291
000140300
000140302
000140304
000140305
000140306
000140309
000140310
000140311
000140312
000140369
000140373
000140374
000140375
000140376
000140377
000140378
000140379
000140380
000140415
000140418
000140425
000140432
000140524
000140528
000140549
000140554
000140557
000140558
000140559
000140560
000140561
000140562
000140563
000140564
000140565
000140566
000140567
000140568
000140569
000140570
000140605
000140607
000140608
000140609
000140612
000140613
000140615
000140617
000140618
000140620
000140625
000140626
000140629
000140633
000140635
000140636
000140637
000140643
000140648
000140680
000140685
000140686
000140687
000140688
000140689
000140690
000140691
000140692
000140693
000140695
000140696
000140724
000140726
000140728
000140730
000140731
000140734
000140736
000140739
000140740
000140743
000140744
000140745
000140746
000140747
000140748
000140749
000140750
000140751
000140754
000140818
000140819
000140820
000140821
000140827
000140828
000140829
000140832
000140835
000140905
000140906
000140908
000140912
000140914
000140915
000140916
000140917
000140920
000140922
000140924
000140925
000140927
000140928
000140937
000140957
000140981
000141004
000141018
000141019
000141021
000141024
000141025
000141026
000141027
000141029
000141031
000141033
000141035
000141037
000141039
000141041
000141042
000141043
000141044
000141045
000141047
000141048
000141049
000141050
000141051
000141053
000141057
000141058
000141059
000141061
000141063
000141064
000141065
000141067
000141068
000141069
000141070
000141071
000141078
000141080
000141081
000141083
000141084
000141085
000141086
000141087
000141088
000141089
000141090
000141091
000141092
000141093
000141094
000141095
000141096
000141097
000141098
000141099
000141100
000141102
000141103
000141104
000141106
000141108
000141110
000141112
000141113
000141115
000141116
000141117
000141119
000141122
000141127
000141179
000141180
000141181
000141182
000141183
000141184
000141185
000141186
000141187
000141188
000141189
000141191
000141195
000141198
000141201
000141202
000141206
000141214
000141215
000141216
000141218
000141223
000141232
000141240
000141246
000141247
000141248
000141249
000141253
000141256
000141257
000141260
000141261
000141263
000141269
000141276
000141285
000141286
000141288
000141293
000141297
000141298
000141299
000141301
000141302
000141320
000141321
000141322
000141323
000141324
000141357
000141367
000141368
000141369
000141392
000141393
000141409
000141500
000141561
000141562
000141564
000141565
000141570
000141579
000141580
000141581
000141582
000141583
000141584
000141586
000141587
000141588
000141589
000141591
000141594
000141595
000141596
000141612
000141613
000141614
000141615
000141616
000141617
000141618
000141619
000141620
000141622
000141623
000141624
000141625
000141626
000141627
000141628
000141629
000141630
000141632
000141633
000141634
000141635
000141636
000141637
000141638
000141639
000141640
000141641
000141642
000141643
000141645
000141646
000141648
000141649
000141652
000141653
000141655
000141661
000141664
000141666
000141669
000141670
000141677
000141680
000141682
000141684
000141685
000141686
000141687
000141694
000141697
000141699
000141701
000141702
000141704
000141705
000141707
000141708
000141710
000141712
000141717
000141719
000141720
000141721
000141723
000141725
000141726
000141727
000141728
000141730
000141731
000141732
000141733
000141734
000141735
000141736
000141737
000141738
000141739
000141740
000141741
000141742
000141744
000141746
000141747
000141748
000141749
000141750
000141754
000141755
000141756
000141757
000141758
000141759
000141760
000141762
000141763
000141764
000141765
000141766
000141767
000141768
000141769
000141770
000141771
000141772
000141773
000141774
000141775
000141776
000141777
000141778
000141779
000141780
000141781
000141782
000141783
000141784
000141785
000141786
000141787
000141788
000141789
000141790
000141792
000141793
000141794
000141795
000141796
000141797
000141798
000141799
000141800
000141801
000141802
000141803
000141804
000141805
000141806
000141807
000141808
000141809
000141810
000141811
000141812
000141813
000141814
000141815
000141817
000141818
000141819
000141820
000141821
000141822
000141823
000141824
000141831
000141832
000141833
000141834
000141836
000141837
000141839
000141841
000141842
000141843
000141844
000141845
000141846
000141847
000141848
000141849
000141877
000141909
000141910
000142034
000142035
000142036
000142037
000142038
000142039
000142042
000142045
000142046
000142047
000142048
000142049
000142050
000142051
000142052
000142053
000142055
000142056
000142057
000142058
000142059
000142060
000142061
000142062
000142063
000142064
000142065
000142066
000142067
000142068
000142069
000142072
000142073
000142077
000142079
000142081
000142082
000142083
000142084
000142085
000142086
000142087
000142088
000142089
000142090
000142091
000142095
000142098
000142100
000142104
000142111
000142114
000142126
000142131
000142132
000142133
000142134
000142135
000142136
000142137
000142138
000142139
000142140
000142141
000142142
000142143
000142145
000142146
000142147
000142148
000142150
000142152
000142153
000142155
000142156
000142157
000142158
000142159
000142160
000142162
000142163
000142164
000142165
000142166
000142169
000142172
000142173
000142174
000142179
000142180
000142181
000142182
000142183
000142184
000142185
000142186
000142187
000142188
000142189
000142190
000142191
000142192
000142193
000142195
000142196
000142197
000142198
000142199
000142200
000142201
000142202
000142203
000142205
000142206
000142207
000142208
000142209
000142210
000142211
000142212
000142213
000142214
000142215
000142216
000142217
000142218
000142219
000142220
000142221
000142222
000142240
000142253
000142255
000142256
000142258
000142261
000142262
000142263
000142264
000142266
000142267
000142268
000142269
000142270
000142271
000142273
000142274
000142275
000142276
000142277
000142278
000142279
000142280
000142281
000142282
000142283
000142284
000142285
000142286
000142287
000142288
000142289
000142290
000142292
000142293
000142294
000142295
000142296
000142297
000142298
000142299
000142300
000142301
000142302
000142303
000142304
000142305
000142306
000142307
000142308
000142309
000142310
000142311
000142313
000142315
000142316
000142317
000142319
000142321
000142322
000142323
000142324
000142325
000142326
000142327
000142328
000142329
000142330
000142334
000142335
000142336
000142337
000142338
000142339
000142340
000142341
000142342
000142343
000142344
000142345
000142346
000142347
000142348
000142349
000142352
000142354
000142355
000142356
000142357
000142358
000142359
000142360
000142361
000142362
000142363
000142364
000142365
000142366
000142367
000142368
000142369
000142370
000142371
000142372
000142374
000142375
000142377
000142379
000142381
000142382
000142383
000142385
000142387
000142388
000142389
000142390
000142391
000142392
000142393
000142394
000142395
000142397
000142398
000142399
000142400
000142409
000142412
000142415
000142424
000142430
000142434
000142435
000142436
000142439
000142440
000142441
000142442
000142444
000142445
000142446
000142448
000142449
000142450
000142451
000142542
000142543
000142549
000142554
000142555
000142559
000142564
000142565
000142567
000142568
000142569
000142571
000142573
000142574
000142575
000142576
000142577
000142578
000142579
000142580
000142582
000142583
000142584
000142585
000142586
000142587
000142588
000142590
000142591
000142592
000142593
000142594
000142605
000142611
000142619
000142625
000142635
000142643
000142645
000142655
000142668
000142674
000142675
000142676
000142680
000142682
000142686
000142687
000142688
000142690
000142691
000142692
000142693
000142694
000142695
000142696
000142697
000142698
000142699
000142700
000142701
000142702
000142994
000143192
000143327
000143349
000143350
000143351
000143360
000143375
000143381
000143382
000143384
000143386
000143387
000143388
000143389
000143390
000143391
000143394
000143448
000143458
000143472
000143473
000143475
000143476
000143478
000143479
000143481
000143483
000143485
000143486
000143487
000143488
000143489
000143490
000143491
000143492
000143493
000143494
000143495
000143497
000143498
000143499
000143500
000143501
000143502
000143503
000143504
000143505
000143506
000143507
000143509
000143510
000143512
000143513
000143514
000143515
000143516
000143517
000143518
000143519
000143520
000143521
000143522
000143523
000143524
000143525
000143526
000143527
000143528
000143529
000143530
000143531
000143551
000143553
000143554
000143558
000143559
000143562
000143563
000143564
000143565
000143568
000143571
000143587
000143594
000143598
000143599
000143600
000143601
000143618
000143630
000143645
000143649
000143673
000143684
000143693
000143707
000143725
000143726
000143782
000143785
000143786
000143804
000143819
000143840
000143841
000143842
000143843
000143844
000143845
000143846
000143847
000143848
000143849
000143850
000143851
000143853
000143854
000143855
000143859
000143862
000143864
000143865
000143866
000143867
000144127
000144128
000144129
000144131
000144132
000144133
000144135
000144136
000144137
000144140
000144144
000144145
000144146
000144147
000144148
000144149
000144150
000144151
000144152
000144153
000144154
000144155
000144156
000144157
000144158
000144161
000144162
000144163
000144164
000144165
000144166
000144167
000144168
000144169
000144170
000144171
000144172
000144173
000144174
000144175
000144176
000144179
000144190
000144300
000144301
000144302
000144303
000144304
000144305
000144306
000144307
000144309
000144310
000144311
000144313
000144314
000144316
000144319
000144320
000144321
000144322
000144323
000144324
000144325
000144327
000144330
000144333
000144340
000144342
000144343
000144344
000144345
000144347
000144352
000144353
000144357
000144361
000144362
000144363
000144365
000144368
000144370
000144372
000144375
000144377
000144378
000144379
000144380
000144381
000144382
000144383
000144384
000144385
000144386
000144387
000144390
000144391
000144393
000144397
000144399
000144400
000144401
000144402
000144403
000144405
000144407
000144408
000144424
000144427
000144428
000144429
000144460
000144469
000144470
000144471
000144472
000144473
000144474
000144475
000144478
000144481
000144485
000144486
000144487
000144489
000144490
000144491
000144492
000144493
000144494
000144495
000144496
000144497
000144498
000144499
000144500
000144501
000144502
000144503
000144504
000144505
000144506
000144507
000144508
000144509
000144510
000144511
000144513
000144514
000144515
000144516
000144517
000144518
000144519
000144520
000144521
000144522
000144523
000144524
000144525
000144526
000144527
000144528
000144529
000144530
000144531
000144532
000144533
000144534
000144535
000144536
000144537
000144538
000144539
000144540
000144541
000144542
000144543
000144544
000144545
000144546
000144547
000144548
000144549
000144550
000144551
000144552
000144553
000144554
000144555
000144556
000144557
000144559
000144560
000144561
000144563
000144564
000144565
000144567
000144568
000144581
000144582
000144584
000144586
000144589
000144591
000144593
000144595
000144600
000144601
000144604
000144606
000144608
000144609
000144611
000144613
000144614
000144615
000144616
000144617
000144618
000144619
000144620
000144621
000144622
000144623
000144624
000144625
000144626
000144627
000144628
000144629
000144630
000144631
000144632
000144633
000144634
000144654
000144710
000144764
000144790
000144791
000144877
000144878
000144915
000145119
000145129
000145171
000145174
000145177
000145178
000145179
000145180
000145307
000145308
000145310
000145314
000145322
000145324
000145326
000145328
000145334
000145337
000145339
000145364
000145367
000145387
000145390
000145392
000145393
000145395
000145397
000145400
000145406
000145407
000145408
000145628
000145637
000145711
000145712
000145724
000145732
000145743
000145744
000145746
000145747
000145768
000145997
000145998
000146000
000146001
000146002
000146011
000146012
000146019
000146144
000146145
000146146
000146147
000146331
000146332
000146333
000146335
000146336
000146734
000146791
000147337
000147482
000148301
000148496
000148700
000148715
000148784
000148795
000148817
000148868
000148882
000148937
000149086
000149142
000149154
000149637
000150163
000150169
000150576
000150578
000150579
000150580
000150581
000150582
000150591
000150592
000150596
000150597
000150598
000150600
000150601
000150603
000150604
000150605
000150608
000150609
000150610
000150611
000150612
000150613
000150614
000150615
000150616
000150618
000150818
000150909
000150910
000151376
000151387
000151446
000151450
000151460
000151799
000151831
000151832
000151891
000151910
000152049
000152344
000152362
000152374
000152653
000152770
000152797
000152807
000152812
000152813
000153187
000153188
000153196
000153197
000153213
000153300
000153301
000153506
000153507
000153624
000153625
000153631
000153633
000153634
000153635
000153636
000153776
000153787
000153789
000154116
000154124
000154125
000154128
000154197
000154208
000154544
000154546
000154547
000154548
000154550
000154624
000154653
000154719
000154796
000154899
000154972
000154973
000154974
000155028
000155029
000155355
000155590
000155591
000155592
000155595
000155600
000156145
000156146
000156149
000156156
000156357
000156370
000156408
000156412
000156415
000156420
000156423
000156657
000157008
000157028
000157041
000157046
000157051
000157052
000157054
000157063
000157148
000157451
000157452
000157466
000157572
000157902
000157903
000158514
000158795
000158798
000158809
000158837
000158912
000158939
000159087
000159116
000159117
000159126
000159206
000159207
000159209
000159612
000159695
000159888
000159890
000159898
000159903
000159912
000159915
000160189
000160190
000160204
000160206
000160337
000160338
000160401
000160543
000161041
000161043
000161295
000161389
000161420
000161441
000161466
000161505
000161506
000161507
000161608
000162255
000162346
000162352
000162746
000163036
000163038
000163049
000163061
000163072
000164418
000165160
000165169
000165170
000165171
000165172
000165174
000165175
000165989
000166046
000166132
000168180
000169653
000170664
000171027
000171055
000171066
000171067
000171068
000171069
000171070
000171073
000171075
000171295
000171296
000171297
000171298
000171300
000171301
000171302
000171303
000171304
000171307
000171308
000171721
000171722
000171723
000171724
000171725
000171726
000171727
000171728
000171729
000171730
000171731
000171732
000171839
000172995
000173143
000173303
000173362
000173363
000173364
000173365
000173368
000173369
000173370
000173371
000173376
000173377
000173378
000173379
000173394
000173497
000173562
000173783
000173851
000173934
000173935
000174347
000174362
000174420
000174443
000174496
000174523
000174593
000174605
000174665
000174789
000174790
000174826
000174828
000174831
000174838
000174839
000174840
000174841
000174842
000174843
000175065
000175090
000175179
000175187
000175188
000175746
000175748
000175977
000175978
000176009
000176156
000176194
000176357
000176625
000176626
000176627
000176628
000176765
000177083
000177084
000177132
000177133
000177372
000177387
000177388
000177554
000177587
000177588
000177589
000177762
000177768
000177787
000177875
000177876
000177877
000178262
000178263
000178265
000179357
000179360
000179361
000179363
000179365
000179366
000179367
000179368
000179470
000179506
000179936
000179937
000179939
000179940
000179956
000179957
000179958
000179959
000179960
000180408
000180446
000180447
000180448
000180449
000180450
000180577
000180578
000180579
000180580
000180611
000181299
000181371
000181372
000181374
000181442
000181533
000181645
000181646
000181728
000181739
000181867
000181868
000182148
000182294
000182445
000182448
000182454
000182659
000182677
000182821
000182987
000182988
000182989
000182990
000182991
000182992
000182993
000182994
000182995
000182997
000182998
000182999
000183000
000183001
000183002
000183009
000183020
000183025
000183026
000183027
000183028
000183029
000183077
000186153
000187891
000187981
000188053
000188114
000188292
000188550
000188644
000188699
000188761
000188790
000188942
000189049
000189568
000189613
000189614
000189615
000189616
000189617
000189627
000189630
000189801
000189818
000189819
000189820
000189821
000189822
000189823
000189824
000189825
000189934
000189935
000189936
000189940
000189941
000190341
000190351
000190533
000190536
000190537
000190551
000190577
000190677
000190679
000190715
000190783
000190784
000190785
000190786
000190787
000190854
000190926
000191138
000191459
000195826
000195828
000196895
000196896
000197358
000197359
000197360
000197361
000197363
000197365
000197367
000197368
000197369
000197383
000197520
000197521
000197572
000197576
000197577
000197578
000197579
000197581
000197583
000197584
000197585
000197586
000197587
000197588
000197590
000197591
000197592
000197593
000197594
000197595
000197596
000197597
000197598
000197599
000197600
000197601
000197603
000197740
000197741
000197753
000197918
000197919
000197920
000197921
000197922
000197953
000198818
000200525
000201115
000213065
000213394
000214173
000214391
